0	1	-49.32
1	0	-49.32
0	2	-40.26
2	0	-40.26
0	3	-40.91
3	0	-40.91
1	4	-40.44
4	1	-40.44
2	4	-40.40
4	2	-40.40
0	4	-68.80
4	0	-68.80
2	5	-76.78
5	2	-76.78
4	6	-50.28
6	4	-50.28
2	4	-10.53
4	2	-10.53
6	5	-40.54
5	6	-40.54
2	6	-30.54
6	2	-30.54
4	3	-44.44
3	4	-44.44
5	3	-39.99
3	5	-39.99
